TCP	highspeed flow1	highspeed flow 2	background flows	background flows
CUBIC	RTT 16ms			
1	161	163	40.1	19.1
2	161	162	40.4	18.2
3	156	166	40.6	18.9
4	156	164	41.7	18.5
5	162	162	41.1	18.5
	RTT 42ms			
1	156	160	39.7	18.9
2	156	157	40.6	17.4
3	155	164	40.5	18.2
4	159	162	39.6	18.8
5	156	161	40.8	18.4
	RTT 82ms			
1	143	175	41	18.6
2	159	165	40	19
3	151	168	40.4	18.5
4	157	167	39.8	18.4
5	161	162	39.3	18.2
	RTT 162ms			
1	142	174	41.8	18.8
2	151	167	43.2	18.6
3	142	177	42.5	19
4	148	166	41.6	18.9
5	151	165	41.9	18.9
	RTT 324ms			
1	155	174	41.6	19.8
2	123	149	52.9	19.3
3	127	148	51.4	19.8
4	130.5	137	42.6	19.2
5	134	160.7	54.1	19.8
BIC-TCP	RTT 16ms			
1	159	165	39.7	18.9
2	162	166	39.7	18.9
3	165	171	40.4	19.2
4	163	168	41.2	19.3
5	167	167	43	19.2
	RTT 42ms			
1	152	165	39.6	18.1
2	145	163	40.2	19.2
3	147	167.6	44.2	18.6
4	155	167	38.6	19
5	162	164	41	19.2
	RTT 82ms			
1	161	179	26.2	11.8
2	159	182	34.5	11.8
3	143	178	39.8	12.5
4	146	169	42.5	17.8
5	153	172	37.6	19.3
	RTT 162ms			
1	147	168	42.6	18.6
2	147	150	50.2	18.6
3	145	156.8	46.7	18.9
4	153	163.4	48.5	19.4
5	139	147	50	19.3
	RTT 324ms			
1	117	130	51.2	19.4
2	117	134	50.9	19.7
3	114	139.6	45.9	18.9
4	123	142	48.8	19.2
5	141.5	150	46	19.7
HSTCP	RTT 16ms			
1	130	189	46.4	19.2
2	136	176	50.2	19.6
3	127	196	47.5	19.3
4	138	184	48.3	19.4
5	129	192	48.5	19.1
	RTT 42ms			
1	158	160	45.2	18.8
2	119	165	46.3	19.2
3	126	172	45.9	19.5
4	132	179	44.8	19.7
5	118	182	46	19.8
	RTT 82ms			
1	119	183	48.4	19.1
2	116	185	48.4	19.5
3	118	168	48	19.4
4	119	179	48.9	19.6
5	123	183	48	19
	RTT 162ms			
1	123	150	52.5	18.8
2	115	154	53	19
3	128	156	52.8	19.2
4	119	149	51.6	18.6
5	120	123	52.9	18.6
	RTT 324ms			
1	63.9	116	51.2	19.3
2	63.9	121	50.8	19.1
3	63.8	119	52	19.8
4	63.9	123	53.2	19.8
5	63	131	54	19.5
RENO	RTT 16ms			
1	147	147	47.9	19.8
2	152	154	48.2	19.6
3	147	153	48.6	18.7
4	153	156	49.2	19.2
5	150	157	47.2	16.9
	RTT 42ms			
1	131	132	48.6	19.5
2	132	133	49.3	18.6
3	135	136	49.2	19.4
4	141	142	49.1	18.7
5	136	142	48.4	19.2
	RTT 82ms			
1	121	129	51.9	19.1
2	116	137	49.8	19.2
3	117	146	49.9	19.6
4	119	128	52	18.6
5	123	132	51.8	19.5
	RTT 162ms			
1	126	145	51.2	19.3
2	128	156	49.8	19.2
3	109	132	49.9	19.6
4	98	114	52	18.6
5	102	128	51.8	19.5
	RTT 324ms			
1	63.9	74.4	52.4	19.1
2	59	82	51.7	19.5
3	67	79	53.6	19.7
4	52	73	51.9	18.9
5	49	83	49.6	19.2
