TCP	highspeed flow1	highspeed flow2	background flows	background flows
CUBIC	RTT 16ms			
1	136	187	41.5	18.4
2	130	182	40	18.2
3	135	187	42.3	19.3
4	142	186	42.2	19.1
5	138	185	44	18.7
	RTT 22ms			
1	143	182	40.5	19.1
2	142	180	41	19
3	145	178	42.5	19.5
4	147	183	43	19.6
5	142	182	43.5	19.3
	RTT 42ms			
1	142	180	43.2	18.9
2	143	178	44	18.9
3	141	185	41.9	19
4	146	189	42	19.3
5	152	183	43	19.2
	RTT 82ms			
1	144	175	42.6	18.7
2	145	177	43	18.9
3	148	178	41.9	18.4
4	152	182	42	18.5
5	155	168	42.8	18.2
	RTT 162ms			
1	160	163	40.1	18.3
2	164	167	43	19.2
3	158	165	45.2	19.4
4	157	162	46.7	18.7
5	159	163	40	18.5
BIC-TCP	RTT 16ms			
1	135	193	38.1	18.5
2	132	189	40	19
3	136	187	40.2	19.2
4	138	198	41	18.6
5	142	199	40.5	18.5
	RTT 22ms			
1	135	193	39.3	17.8
2	136	190	40	18.2
3	139	189	40.3	18.4
4	142	184	40.6	19.2
5	130	179	41	19
	RTT 42ms			
1	136	193	39.3	17.8
2	135	190	40	18.2
3	142	189	40.3	18.4
4	136	184	40.6	19.2
5	138	179	41	19
	RTT 82ms			
1	139	190	37.1	18.7
2	146	189	37.5	18.3
3	157	182	37.4	17.5
4	162	179	37.6	18
5	158	174	38	18.1
	RTT 162ms			
1	154	170	40.7	18.7
2	158	177	41	19.3
3	169	174	38.6	19.5
4	174	179	37.5	19.8
5	172	183	36.4	18.5
HSTCP	RTT 16ms			
1	122	184	53.4	19.7
2	123	184	55.5	18.5
3	117	186	57.5	18.7
4	113	179	57	18.2
5	110	178	56.5	18
	RTT 22ms			
1	108	187	54.8	19.4
2	104	189	53	19
3	108	182	52.7	19.4
4	105	179	51.8	19.2
5	108	175	54	18.4
	RTT 42ms			
1	121	185	47.3	20
2	120	190	48	19.5
3	123	195	49.3	18.3
4	128	201	49.8	17.5
5	115	189	48	19.9
	RTT 82ms			
1	125	171	45	19.7
2	128	181	44.5	19.8
3	137	178	44.3	19.5
4	129	174	42.9	19.6
5	128	179	44	19.4
	RTT 162ms			
1	127	154	49.1	20.5
2	122	169	49	20.5
3	118	172	49.4	19.8
4	103	175	49.6	19.8
5	105	177	48.5	19.6
Reno	RTT 16ms			
1	112	176	48.6	19.9
2	113	182	48.9	19.8
3	115	190	48.5	19.4
4	129	189	49.3	19.2
5	109	183	49	19
	RTT 22ms			
1	103	165	50.3	18.7
2	105	159	50	19
3	109	158	49.4	19.2
4	112	165	48.9	18.9
5	107	163	49	19
	RTT 42ms			
1	109	158	49.5	19.2
2	108	165	48.1	18.5
3	98	166	48.3	18.5
4	100	168	49	18.5
5	116	151	48.2	18.3
	RTT 82ms			
1	98	138	46.3	20.3
2	95	139	45.4	20.2
3	103	138	45.9	20
4	104	137	46	20.3
5	100	142	46.2	20.2
	RTT 162ms			
1	95.1	132	48.4	19.7
2	95	128	45.2	19.8
3	96	127	46.3	19.5
4	109	119	47.5	19.3
5	107	125	48	19.4
